0.1	8.65
2.02	8.65
3.03	4.48
5.01	11.73
6.31	11.73
7.03	11.73
8.95	11.83
11.1	8.8
13.68	8.8
14.72	8.8
16.37	10.34
19.85	12.43
21.45	7.91
24.65	7.48
25.51	12.16
27.83	10.26
29.76	12.62
33.0	12.62
36.03	1.64
36.67	6.18
37.71	6.18
40.1	6.18
41.7	2.63
43.22	9.33
45.8	9.33
46.37	9.33
48.17	13.42
48.74	13.42
49.02	13.42
52.1	2.84
53.17	14.25
54.83	14.25
57.73	14.25
58.0	11.63
60.38	9.64
62.7	9.64
63.51	6.48
65.85	6.48
67.75	6.48
68.46	11.28
69.48	11.28
70.87	13.07
72.5	13.07
75.4	13.07
75.66	0.34
78.83	0.34
81.07	1.39
84.03	5.79
85.29	5.9
86.26	12.29
87.45	12.29
89.27	12.29
90.35	8.93
93.77	2.38
94.54	2.38
97.75	7.96
99.86	10.57
103.15	10.57
103.84	10.57
106.53	5.61
109.05	6.04
112.02	6.04
113.37	6.04
114.52	6.67
114.83	6.67
117.12	6.67
118.45	6.88
119.76	6.88
120.52	6.88
121.43	14.81
121.78	3.22
124.77	13.41
127.73	13.41
130.1	13.41
130.68	4.68
132.0	13.78
134.13	12.82
135.97	10.12
136.81	10.12
137.83	10.12
138.14	13.11
141.4	13.11
143.75	7.85
145.58	7.85
147.25	11.79
149.5	11.79
150.44	7.77
153.52	4.84
154.65	4.84
156.82	4.84
159.69	1.46
162.76	1.46
165.89	1.46
166.8	10.41
168.0	10.41
168.86	6.57
168.96	6.57
169.83	6.57
170.71	13.98
172.17	13.98
172.91	13.98
174.31	5.77
176.6	5.77
179.44	5.77
181.18	2.13
182.85	2.13
184.7	2.13
186.23	10.78
188.12	4.53
189.12	5.69
190.74	5.69
194.18	5.69
195.08	11.33
196.62	11.33
197.96	11.33
200.39	6.89
202.98	6.89
203.59	6.89
203.73	9.21
204.19	12.04
206.88	6.83
209.03	6.83
209.39	6.83
211.5	14.59
212.23	14.59
214.46	14.52
214.83	14.52
216.98	6.2
218.75	6.2
220.28	11.94
221.71	11.94
224.4	3.13
227.71	3.13
230.2	7.27
232.13	7.27
232.57	7.27
233.73	14.1
236.75	14.1
238.23	14.1
241.16	8.72
243.84	11.57
244.91	11.57
245.85	3.38
245.99	3.38
248.81	5.13
251.18	13.45
